   9.0000000e+01   1.1297940e+02   1.0705210e+02   9.7499200e+01   8.5372000e+01   7.4867000e+01   6.7912500e+01   6.6887900e+01   7.2027400e+01   8.1790400e+01   9.3254100e+01   1.0451170e+02   1.1184760e+02
   8.8105300e+01   1.1118930e+02   1.0523720e+02   9.5686200e+01   8.3581700e+01   7.3097900e+01   6.6141800e+01   6.5100000e+01   7.0231500e+01   8.0011500e+01   9.1507200e+01   1.0278220e+02   1.1009760e+02
   8.6210500e+01   1.0939660e+02   1.0342080e+02   9.3872500e+01   8.1792200e+01   7.1331200e+01   6.4374600e+01   6.3315100e+01   6.8437800e+01   7.8233900e+01   8.9760000e+01   1.0105020e+02   1.0834430e+02
   8.4315800e+01   1.0760170e+02   1.0160330e+02   9.2058600e+01   8.0003600e+01   6.9567300e+01   6.2611400e+01   6.1534000e+01   6.6646900e+01   7.6457900e+01   8.8012900e+01   9.9316200e+01   1.0658810e+02
   8.2421100e+01   1.0580480e+02   9.9784700e+01   9.0244600e+01   7.8216300e+01   6.7806700e+01   6.0852700e+01   5.9756900e+01   6.4858800e+01   7.4683800e+01   8.6266200e+01   9.7580700e+01   1.0482930e+02
   8.0526300e+01   1.0400600e+02   9.7965300e+01   8.8430400e+01   7.6430400e+01   6.6049400e+01   5.9098800e+01   5.7984100e+01   6.3074000e+01   7.2911800e+01   8.4520000e+01   9.5843600e+01   1.0306810e+02
   7.8631600e+01   1.0220580e+02   9.6145200e+01   8.6616400e+01   7.4646200e+01   6.4296200e+01   5.7350400e+01   5.6216500e+01   6.1292900e+01   7.1142200e+01   8.2774700e+01   9.4105700e+01   1.0130510e+02
   7.6736800e+01   1.0040420e+02   9.4324500e+01   8.4802700e+01   7.2863900e+01   6.2547300e+01   5.5608100e+01   5.4454300e+01   5.9515700e+01   6.9375400e+01   8.1030600e+01   9.2367000e+01   9.9540200e+01
   7.4842100e+01   9.8601600e+01   9.2503600e+01   8.2989500e+01   7.1084000e+01   6.0803400e+01   5.3872600e+01   5.2698300e+01   5.7743200e+01   6.7611700e+01   7.9288100e+01   9.0627900e+01   9.7774100e+01
   7.2947400e+01   9.6798100e+01   9.0682500e+01   8.1177000e+01   6.9306600e+01   5.9065000e+01   5.2144600e+01   5.0949300e+01   5.5975700e+01   6.5851500e+01   7.7547400e+01   8.8888700e+01   9.6006900e+01
   7.1052600e+01   9.4993800e+01   8.8861200e+01   7.9365200e+01   6.7532000e+01   5.7332500e+01   5.0425000e+01   4.9207900e+01   5.4213700e+01   6.4095200e+01   7.5808900e+01   8.7149700e+01   9.4238700e+01
   6.9157900e+01   9.3189000e+01   8.7040000e+01   7.7554500e+01   6.5760700e+01   5.5606800e+01   4.8714800e+01   4.7475200e+01   5.2458100e+01   6.2343300e+01   7.4072900e+01   8.5411200e+01   9.2470000e+01
   6.7263200e+01   9.1384000e+01   8.5219200e+01   7.5745000e+01   6.3993000e+01   5.3888600e+01   4.7015000e+01   4.5752200e+01   5.0709400e+01   6.0596200e+01   7.2339800e+01   8.3673500e+01   9.0701000e+01
   6.5368400e+01   8.9578700e+01   8.3398600e+01   7.3936900e+01   6.2229200e+01   5.2178600e+01   4.5326900e+01   4.4039900e+01   4.8968500e+01   5.8854400e+01   7.0610000e+01   8.1936800e+01   8.8931800e+01
   6.3473700e+01   8.7773600e+01   8.1578700e+01   7.2130500e+01   6.0470000e+01   5.0477900e+01   4.3652100e+01   4.2340100e+01   4.7236300e+01   5.7118700e+01   6.8883900e+01   8.0201700e+01   8.7162800e+01
   6.1578900e+01   8.5968600e+01   7.9759400e+01   7.0325800e+01   5.8715700e+01   4.8787400e+01   4.1992000e+01   4.0654000e+01   4.5513900e+01   5.5389500e+01   6.7161900e+01   7.8468200e+01   8.5394100e+01
   5.9684200e+01   8.4164100e+01   7.7941200e+01   6.8523300e+01   5.6967100e+01   4.7108600e+01   4.0348700e+01   3.8983700e+01   4.3802500e+01   5.3667900e+01   6.5444600e+01   7.6736900e+01   8.3626200e+01
   5.7789500e+01   8.2360100e+01   7.6123900e+01   6.6723200e+01   5.5224600e+01   4.5442600e+01   3.8724300e+01   3.7331300e+01   4.2103600e+01   5.1954400e+01   6.3732600e+01   7.5008000e+01   8.1859200e+01
   5.5894700e+01   8.0556900e+01   7.4307900e+01   6.4925700e+01   5.3488800e+01   4.3790800e+01   3.7121200e+01   3.5699300e+01   4.0418700e+01   5.0250000e+01   6.2026200e+01   7.3281900e+01   8.0093200e+01
   5.4000000e+01   7.8754800e+01   7.2493300e+01   6.3131200e+01   5.1760800e+01   4.2155400e+01   3.5542700e+01   3.4090800e+01   3.8749800e+01   4.8555900e+01   6.0326300e+01   7.1559200e+01   7.8328800e+01
   5.2105300e+01   7.6953800e+01   7.0680500e+01   6.1340100e+01   5.0041300e+01   4.0538200e+01   3.3992100e+01   3.2509300e+01   3.7099000e+01   4.6873200e+01   5.8633500e+01   6.9840000e+01   7.6566200e+01
   5.0210500e+01   7.5154200e+01   6.8869400e+01   5.9552600e+01   4.8331200e+01   3.8941500e+01   3.2473400e+01   3.0958800e+01   3.5468900e+01   4.5203100e+01   5.6948400e+01   6.8124900e+01   7.4805400e+01
   4.8315800e+01   7.3356300e+01   6.7060500e+01   5.7769300e+01   4.6631900e+01   3.7368100e+01   3.0991500e+01   2.9444600e+01   3.3862700e+01   4.3547400e+01   5.5272100e+01   6.6414500e+01   7.3047100e+01
   4.6421100e+01   7.1560300e+01   6.5254000e+01   5.5990600e+01   4.4944400e+01   3.5821200e+01   2.9551800e+01   2.7972400e+01   3.2283900e+01   4.1907800e+01   5.3605500e+01   6.4709300e+01   7.1291500e+01
   4.4526300e+01   6.9766400e+01   6.3450100e+01   5.4216900e+01   4.3270200e+01   3.4304200e+01   2.8161000e+01   2.6549200e+01   3.0736700e+01   4.0286200e+01   5.1949400e+01   6.3009600e+01   6.9538800e+01
   4.2631600e+01   6.7975000e+01   6.1649200e+01   5.2449100e+01   4.1611200e+01   3.2821600e+01   2.6826700e+01   2.5183600e+01   2.9226400e+01   3.8685200e+01   5.0305300e+01   6.1316300e+01   6.7789700e+01
   4.0736800e+01   6.6186100e+01   5.9851600e+01   5.0687500e+01   3.9969100e+01   3.1378200e+01   2.5557800e+01   2.3885300e+01   2.7758800e+01   3.7107300e+01   4.8674200e+01   5.9630000e+01   6.6044200e+01
   3.8842100e+01   6.4400500e+01   5.8057800e+01   4.8933200e+01   3.8346400e+01   2.9979800e+01   2.4364600e+01   2.2666000e+01   2.6341400e+01   3.5555800e+01   4.7057900e+01   5.7951600e+01   6.4303200e+01
   3.6947400e+01   6.2618200e+01   5.6268100e+01   4.7186900e+01   3.6745500e+01   2.8633000e+01   2.3258700e+01   2.1539200e+01   2.4982500e+01   3.4034300e+01   4.5457900e+01   5.6281700e+01   6.2566900e+01
   3.5052600e+01   6.0839700e+01   5.4482900e+01   4.5449500e+01   3.5169600e+01   2.7345400e+01   2.2253300e+01   2.0520000e+01   2.3692300e+01   3.2547100e+01   4.3876000e+01   5.4621300e+01   6.0835800e+01
   3.3157900e+01   5.9065400e+01   5.2702900e+01   4.3722300e+01   3.3622200e+01   2.6125900e+01   2.1362500e+01   1.9625500e+01   2.2482700e+01   3.1099100e+01   4.2314500e+01   5.2971500e+01   5.9110600e+01
   3.1263200e+01   5.7295900e+01   5.0928700e+01   4.2006600e+01   3.2107500e+01   2.4984600e+01   2.0601300e+01   1.8873200e+01   2.1367500e+01   2.9696300e+01   4.0775800e+01   5.1333400e+01   5.7392000e+01
   2.9368400e+01   5.5531600e+01   4.9160900e+01   4.0303700e+01   3.0630300e+01   2.3932600e+01   1.9984400e+01   1.8280700e+01   2.0362100e+01   2.8345200e+01   3.9262500e+01   4.9708200e+01   5.5680600e+01
   2.7473700e+01   5.3773200e+01   4.7400300e+01   3.8615600e+01   2.9196600e+01   2.2982300e+01   1.9525700e+01   1.7864100e+01   1.9483700e+01   2.7053800e+01   3.7777900e+01   4.8097500e+01   5.3977300e+01
   2.5578900e+01   5.2021100e+01   4.5647700e+01   3.6944200e+01   2.7813000e+01   2.2146700e+01   1.9236400e+01   1.7635700e+01   1.8750000e+01   2.5831100e+01   3.6325600e+01   4.6502600e+01   5.2282800e+01
   2.3684200e+01   5.0276500e+01   4.3904400e+01   3.5292200e+01   2.6487500e+01   2.1439500e+01   1.9124300e+01   1.7603000e+01   1.8178700e+01   2.4687300e+01   3.4909800e+01   4.4925700e+01   5.0598300e+01
   2.1789500e+01   4.8540000e+01   4.2171400e+01   3.3662200e+01   2.5229200e+01   2.0873500e+01   1.9192400e+01   1.7767000e+01   1.7785400e+01   2.3633900e+01   3.3535000e+01   4.3368600e+01   4.8924900e+01
   1.9894700e+01   4.6812500e+01   4.0449900e+01   3.2057800e+01   2.4048800e+01   2.0460600e+01   1.9438800e+01   1.8122300e+01   1.7582100e+01   2.2683400e+01   3.2206700e+01   4.1833600e+01   4.7263800e+01
   1.8000000e+01   4.5095300e+01   3.8741900e+01   3.0483000e+01   2.2958300e+01   2.0210200e+01   1.9857000e+01   1.8658000e+01   1.7575300e+01   2.1849600e+01   3.0930800e+01   4.0323500e+01   4.5616500e+01
   1.6105300e+01   4.3389600e+01   3.7049100e+01   2.8942800e+01   2.1971100e+01   2.0128300e+01   2.0436300e+01   1.9359200e+01   1.7765400e+01   2.1146100e+01   2.9714300e+01   3.8841100e+01   4.3984600e+01
   1.4210500e+01   4.1696800e+01   3.5373600e+01   2.7442800e+01   2.1101800e+01   2.0217100e+01   2.1163500e+01   2.0208600e+01   1.8146100e+01   2.0586400e+01   2.8564600e+01   3.7389900e+01   4.2369900e+01
   1.2315800e+01   4.0018800e+01   3.3718200e+01   2.5990400e+01   2.0365600e+01   2.0474200e+01   2.2024000e+01   2.1188300e+01   1.8705700e+01   2.0182400e+01   2.7490500e+01   3.5973800e+01   4.0774700e+01
   1.0421100e+01   3.8357400e+01   3.2086100e+01   2.4593800e+01   1.9777200e+01   2.0893400e+01   2.3002600e+01   2.2281200e+01   1.9428800e+01   1.9943700e+01   2.6501000e+01   3.4597100e+01   3.9201400e+01
   8.5263000e+00   3.6715000e+01   3.0480900e+01   2.3263100e+01   1.9350300e+01   2.1465300e+01   2.4085200e+01   2.3471400e+01   2.0298000e+01   1.9876100e+01   2.5605900e+01   3.3264700e+01   3.7652600e+01
   6.6316000e+00   3.5094400e+01   2.8907400e+01   2.2010400e+01   1.9095600e+01   2.2178000e+01   2.5258200e+01   2.4744800e+01   2.1295300e+01   1.9981400e+01   2.4815700e+01   3.1982500e+01   3.6131900e+01
   4.7368000e+00   3.3498600e+01   2.7370800e+01   2.0849700e+01   1.9020100e+01   2.3018400e+01   2.6509600e+01   2.6089400e+01   2.2403600e+01   2.0257000e+01   2.4140500e+01   3.0756600e+01   3.4642700e+01
   2.8421000e+00   3.1931600e+01   2.5877900e+01   1.9797300e+01   1.9126000e+01   2.3973100e+01   2.7828700e+01   2.7494400e+01   2.3607200e+01   2.0696000e+01   2.3590500e+01   2.9594200e+01   3.3189700e+01
   9.4740000e-01   3.0397900e+01   2.4436800e+01   1.8871400e+01   1.9410200e+01   2.5028900e+01   2.9206400e+01   2.8951100e+01   2.4892200e+01   2.1288200e+01   2.3174300e+01   2.8503000e+01   3.1777700e+01
  -9.4740000e-01   2.8902600e+01   2.3057100e+01   1.8091300e+01   1.9865100e+01   2.6173600e+01   3.0634800e+01   3.0452200e+01   2.6246800e+01   2.2021400e+01   2.2899500e+01   2.7491600e+01   3.0412400e+01
  -2.8421000e+00   2.7452300e+01   2.1750600e+01   1.7476700e+01   2.0479200e+01   2.7396000e+01   3.2106900e+01   3.1991200e+01   2.7660600e+01   2.2881900e+01   2.2771100e+01   2.6569200e+01   2.9100700e+01
  -4.7368000e+00   2.6054500e+01   2.0531300e+01   1.7045500e+01   2.1238900e+01   2.8686100e+01   3.3617000e+01   3.3562800e+01   2.9124900e+01   2.3855900e+01   2.2791600e+01   2.5745500e+01   2.7850000e+01
  -6.6316000e+00   2.4718000e+01   1.9415600e+01   1.6811700e+01   2.2129000e+01   3.0035200e+01   3.5160300e+01   3.5162900e+01   3.0632600e+01   2.4930200e+01   2.2960600e+01   2.5030100e+01   2.6669000e+01
  -8.5263000e+00   2.3453600e+01   1.8422600e+01   1.6783800e+01   2.3134500e+01   3.1435500e+01   3.6732300e+01   3.6787400e+01   3.2177400e+01   2.6092200e+01   2.3274800e+01   2.4432600e+01   2.5567400e+01
  -1.0421100e+01   2.2273300e+01   1.7572800e+01   1.6962600e+01   2.4241100e+01   3.2880600e+01   3.8329600e+01   3.8433400e+01   3.3754200e+01   2.7330800e+01   2.3728600e+01   2.3962000e+01   2.4556100e+01
  -1.2315800e+01   2.1191500e+01   1.6888100e+01   1.7341800e+01   2.5435300e+01   3.4364700e+01   3.9949000e+01   4.0098000e+01   3.5358700e+01   2.8636000e+01   2.4313900e+01   2.3625800e+01   2.3646500e+01
  -1.4210500e+01   2.0223800e+01   1.6389100e+01   1.7908600e+01   2.6705600e+01   3.5882900e+01   4.1587900e+01   4.1779000e+01   3.6987200e+01   2.9999000e+01   2.5021700e+01   2.3429800e+01   2.2851000e+01
  -1.6105300e+01   1.9387500e+01   1.6093200e+01   1.8646000e+01   2.8041500e+01   3.7431000e+01   4.3244100e+01   4.3474500e+01   3.8636700e+01   3.1412300e+01   2.5841800e+01   2.3377500e+01   2.2181700e+01
  -1.8000000e+01   1.8700100e+01   1.6011600e+01   1.9534500e+01   2.9434000e+01   3.9005400e+01   4.4915500e+01   4.5182800e+01   4.0304400e+01   3.2869300e+01   2.6763800e+01   2.3469900e+01   2.1650500e+01
  -1.9894700e+01   1.8178700e+01   1.6147600e+01   2.0554600e+01   3.0875400e+01   4.0602900e+01   4.6600400e+01   4.6902300e+01   4.1988300e+01   3.4364300e+01   2.7777500e+01   2.3705400e+01   2.1267800e+01
  -2.1789500e+01   1.7837800e+01   1.6495700e+01   2.1687800e+01   3.2359300e+01   4.2220900e+01   4.8297500e+01   4.8632000e+01   4.3686400e+01   3.5892800e+01   2.8873300e+01   2.4079600e+01   2.1041500e+01
  -2.3684200e+01   1.7687800e+01   1.7043000e+01   2.2917200e+01   3.3879800e+01   4.3857100e+01   5.0005300e+01   5.0370600e+01   4.5396900e+01   3.7450400e+01   3.0042100e+01   2.4586300e+01   2.0976800e+01
  -2.5578900e+01   1.7733600e+01   1.7771100e+01   2.4228100e+01   3.5432200e+01   4.5509300e+01   5.1722600e+01   5.2117200e+01   4.7118500e+01   3.9033500e+01   3.1275600e+01   2.5217500e+01   2.1075300e+01
  -2.7473700e+01   1.7973700e+01   1.8658800e+01   2.5608000e+01   3.7012600e+01   4.7175900e+01   5.3448700e+01   5.3871000e+01   4.8850100e+01   4.0639300e+01   3.2566600e+01   2.5964000e+01   2.1334600e+01
  -2.9368400e+01   1.8400400e+01   1.9684500e+01   2.7046300e+01   3.8617300e+01   4.8855300e+01   5.5182400e+01   5.5631100e+01   5.0590400e+01   4.2265000e+01   3.3908300e+01   2.6816100e+01   2.1748900e+01
  -3.1263200e+01   1.9001300e+01   2.0827800e+01   2.8534200e+01   4.0243600e+01   5.0546200e+01   5.6923200e+01   5.7397100e+01   5.2338700e+01   4.3908300e+01   3.5294900e+01   2.7764200e+01   2.2309700e+01
  -3.3157900e+01   1.9760300e+01   2.2070400e+01   3.0064200e+01   4.1888600e+01   5.2247300e+01   5.8670100e+01   5.9168200e+01   5.4093900e+01   4.5567300e+01   3.6721100e+01   2.8798600e+01   2.3006200e+01
  -3.5052600e+01   2.0660100e+01   2.3396400e+01   3.1630200e+01   4.3550200e+01   5.3957500e+01   6.0422600e+01   6.0943800e+01   5.5855400e+01   4.7240200e+01   3.8182600e+01   2.9910400e+01   2.3826400e+01
  -3.6947400e+01   2.1683200e+01   2.4792600e+01   3.3227100e+01   4.5226800e+01   5.5676200e+01   6.2180300e+01   6.2723800e+01   5.7622600e+01   4.8925600e+01   3.9675500e+01   3.1091300e+01   2.4758100e+01
  -3.8842100e+01   2.2812800e+01   2.6247500e+01   3.4850500e+01   4.6916300e+01   5.7402100e+01   6.3942400e+01   6.4507400e+01   5.9394800e+01   5.0622000e+01   4.1196000e+01   3.2333500e+01   2.5789000e+01
  -4.0736800e+01   2.4034000e+01   2.7752000e+01   3.6496900e+01   4.8617600e+01   5.9134800e+01   6.5708600e+01   6.6294300e+01   6.1171600e+01   5.2328400e+01   4.2741200e+01   3.3630300e+01   2.6907900e+01
  -4.2631600e+01   2.5333500e+01   2.9298500e+01   3.8163300e+01   5.0329300e+01   6.0873600e+01   6.7478600e+01   6.8084400e+01   6.2952500e+01   5.4043900e+01   4.4308600e+01   3.4975500e+01   2.8104200e+01
  -4.4526300e+01   2.6699800e+01   3.0880400e+01   3.9847100e+01   5.2050300e+01   6.2617700e+01   6.9251700e+01   6.9877000e+01   6.4737000e+01   5.5767200e+01   4.5895600e+01   3.6363600e+01   2.9368200e+01
  -4.6421100e+01   2.8123200e+01   3.2492800e+01   4.1546200e+01   5.3779800e+01   6.4366800e+01   7.1027800e+01   7.1672100e+01   6.6524900e+01   5.7497900e+01   4.7500400e+01   3.7790000e+01   3.0691700e+01
  -4.8315800e+01   2.9595300e+01   3.4131000e+01   4.3258600e+01   5.5516600e+01   6.6120100e+01   7.2806400e+01   7.3469200e+01   6.8315700e+01   5.9235000e+01   4.9120900e+01   3.9250100e+01   3.2067100e+01
  -5.0210500e+01   3.1109200e+01   3.5791700e+01   4.4982900e+01   5.7260200e+01   6.7877400e+01   7.4587300e+01   7.5268200e+01   7.0109100e+01   6.0977900e+01   5.0755600e+01   4.0740500e+01   3.3488100e+01
  -5.2105300e+01   3.2659100e+01   3.7471800e+01   4.6717700e+01   5.9009900e+01   6.9638300e+01   7.6370300e+01   7.7068800e+01   7.1904900e+01   6.2726200e+01   5.2403200e+01   4.2257900e+01   3.4949100e+01
  -5.4000000e+01   3.4240000e+01   3.9168600e+01   4.8461700e+01   6.0765000e+01   7.1402300e+01   7.8155000e+01   7.8870800e+01   7.3702700e+01   6.4479100e+01   5.4062200e+01   4.3799300e+01   3.6445100e+01
  -5.5894700e+01   3.5847800e+01   4.0880100e+01   5.0213900e+01   6.2525000e+01   7.3169000e+01   7.9941100e+01   8.0673900e+01   7.5502300e+01   6.6236200e+01   5.5731600e+01   4.5362100e+01   3.7971900e+01
  -5.7789500e+01   3.7479000e+01   4.2604600e+01   5.1973600e+01   6.4289400e+01   7.4938300e+01   8.1728500e+01   8.2478100e+01   7.7303600e+01   6.7997300e+01   5.7410500e+01   4.6944300e+01   3.9526000e+01
  -5.9684200e+01   3.9130600e+01   4.4340400e+01   5.3739800e+01   6.6057800e+01   7.6709600e+01   8.3516800e+01   8.4283000e+01   7.9106100e+01   6.9761600e+01   5.9097700e+01   4.8543600e+01   4.1104100e+01
  -6.1578900e+01   4.0800000e+01   4.6086100e+01   5.5511900e+01   6.7829600e+01   7.8482800e+01   8.5305900e+01   8.6088400e+01   8.0909700e+01   7.1529000e+01   6.0792500e+01   5.0158500e+01   4.2703600e+01
  -6.3473700e+01   4.2485200e+01   4.7840800e+01   5.7289400e+01   6.9604800e+01   8.0257600e+01   8.7095700e+01   8.7894300e+01   8.2714400e+01   7.3299200e+01   6.2494300e+01   5.1787500e+01   4.4322000e+01
  -6.5368400e+01   4.4184100e+01   4.9603200e+01   5.9071500e+01   7.1382600e+01   8.2033700e+01   8.8885700e+01   8.9700400e+01   8.4519700e+01   7.5071700e+01   6.4202300e+01   5.3429000e+01   4.5957300e+01
  -6.7263200e+01   4.5895500e+01   5.1372800e+01   6.0857900e+01   7.3163000e+01   8.3810900e+01   9.0675900e+01   9.1506500e+01   8.6325700e+01   7.6846300e+01   6.5915900e+01   5.5081900e+01   4.7607600e+01
  -6.9157900e+01   4.7617600e+01   5.3148500e+01   6.2648100e+01   7.4945600e+01   8.5588900e+01   9.2466000e+01   9.3312500e+01   8.8132000e+01   7.8622700e+01   6.7634500e+01   5.6744900e+01   4.9271300e+01
  -7.1052600e+01   4.9349400e+01   5.4929800e+01   6.4441700e+01   7.6730000e+01   8.7367400e+01   9.4255800e+01   9.5118000e+01   8.9938400e+01   8.0400500e+01   6.9357600e+01   5.8417300e+01   5.0947100e+01
  -7.2947400e+01   5.1089900e+01   5.6716200e+01   6.6238500e+01   7.8516300e+01   8.9146400e+01   9.6045100e+01   9.6923200e+01   9.1745000e+01   8.2179700e+01   7.1084800e+01   6.0098000e+01   5.2633800e+01
  -7.4842100e+01   5.2838000e+01   5.8506900e+01   6.8037900e+01   8.0303800e+01   9.0925300e+01   9.7833700e+01   9.8727600e+01   9.3551200e+01   8.3959800e+01   7.2815500e+01   6.1786300e+01   5.4330100e+01
  -7.6736800e+01   5.4593000e+01   6.0301700e+01   6.9839700e+01   8.2092500e+01   9.2704200e+01   9.9621300e+01   1.0053110e+02   9.5357100e+01   8.5740700e+01   7.4549400e+01   6.3481400e+01   5.6035200e+01
  -7.8631600e+01   5.6354400e+01   6.2100200e+01   7.1643800e+01   8.3882200e+01   9.4482800e+01   1.0140780e+02   1.0233350e+02   9.7162600e+01   8.7522200e+01   7.6286200e+01   6.5182700e+01   5.7748200e+01
  -8.0526300e+01   5.8121100e+01   6.3901800e+01   7.3449800e+01   8.5672600e+01   9.6260700e+01   1.0319280e+02   1.0413460e+02   9.8967300e+01   8.9304000e+01   7.8025300e+01   6.6889400e+01   5.9468200e+01
  -8.2421100e+01   5.9893000e+01   6.5706500e+01   7.5257500e+01   8.7463500e+01   9.8037900e+01   1.0497620e+02   1.0593420e+02   1.0077110e+02   9.1085900e+01   7.9766600e+01   6.8601200e+01   6.1194700e+01
  -8.4315800e+01   6.1669300e+01   6.7513600e+01   7.7066600e+01   8.9254700e+01   9.9813900e+01   1.0675770e+02   1.0773190e+02   1.0257370e+02   9.2867600e+01   8.1509600e+01   7.0317500e+01   6.2926900e+01
  -8.6210500e+01   6.3449600e+01   6.9323000e+01   7.8877000e+01   9.1046000e+01   1.0158860e+02   1.0853690e+02   1.0952770e+02   1.0437500e+02   9.4648900e+01   8.3254000e+01   7.2037600e+01   6.4664200e+01
  -8.8105300e+01   6.5233500e+01   7.1134600e+01   8.0688500e+01   9.2837200e+01   1.0336180e+02   1.1031370e+02   1.1132120e+02   1.0617480e+02   9.6429700e+01   8.4999600e+01   7.3761400e+01   6.6406300e+01
  -9.0000000e+01   6.7020700e+01   7.2947900e+01   8.2500800e+01   9.4628000e+01   1.0513300e+02   1.1208750e+02   1.1311210e+02   1.0797270e+02   9.8209700e+01   8.6745900e+01   7.5488300e+01   6.8152500e+01

