	Jan		Feb		Mar		Apr		May		Jun		Jul		Aug		Sep		Oct		Nov		Dec
  5.5531600e+01   4.9160900e+01   4.0303700e+01   3.0630300e+01   2.3932600e+01   1.9984400e+01   1.8280700e+01   2.0362100e+01   2.8345200e+01   3.9262500e+01   4.9708200e+01   5.5680600e+01
  5.3773200e+01   4.7400300e+01   3.8615600e+01   2.9196600e+01   2.2982300e+01   1.9525700e+01   1.7864100e+01   1.9483700e+01   2.7053800e+01   3.7777900e+01   4.8097500e+01   5.3977300e+01
  5.2021100e+01   4.5647700e+01   3.6944200e+01   2.7813000e+01   2.2146700e+01   1.9236400e+01   1.7635700e+01   1.8750000e+01   2.5831100e+01   3.6325600e+01   4.6502600e+01   5.2282800e+01
  5.0276500e+01   4.3904400e+01   3.5292200e+01   2.6487500e+01   2.1439500e+01   1.9124300e+01   1.7603000e+01   1.8178700e+01   2.4687300e+01   3.4909800e+01   4.4925700e+01   5.0598300e+01
  4.8540000e+01   4.2171400e+01   3.3662200e+01   2.5229200e+01   2.0873500e+01   1.9192400e+01   1.7767000e+01   1.7785400e+01   2.3633900e+01   3.3535000e+01   4.3368600e+01   4.8924900e+01
  4.6812500e+01   4.0449900e+01   3.2057800e+01   2.4048800e+01   2.0460600e+01   1.9438800e+01   1.8122300e+01   1.7582100e+01   2.2683400e+01   3.2206700e+01   4.1833600e+01   4.7263800e+01
  4.5095300e+01   3.8741900e+01   3.0483000e+01   2.2958300e+01   2.0210200e+01   1.9857000e+01   1.8658000e+01   1.7575300e+01   2.1849600e+01   3.0930800e+01   4.0323500e+01   4.5616500e+01
  4.3389600e+01   3.7049100e+01   2.8942800e+01   2.1971100e+01   2.0128300e+01   2.0436300e+01   1.9359200e+01   1.7765400e+01   2.1146100e+01   2.9714300e+01   3.8841100e+01   4.3984600e+01
  4.1696800e+01   3.5373600e+01   2.7442800e+01   2.1101800e+01   2.0217100e+01   2.1163500e+01   2.0208600e+01   1.8146100e+01   2.0586400e+01   2.8564600e+01   3.7389900e+01   4.2369900e+01
  4.0018800e+01   3.3718200e+01   2.5990400e+01   2.0365600e+01   2.0474200e+01   2.2024000e+01   2.1188300e+01   1.8705700e+01   2.0182400e+01   2.7490500e+01   3.5973800e+01   4.0774700e+01
  3.8357400e+01   3.2086100e+01   2.4593800e+01   1.9777200e+01   2.0893400e+01   2.3002600e+01   2.2281200e+01   1.9428800e+01   1.9943700e+01   2.6501000e+01   3.4597100e+01   3.9201400e+01
  3.6715000e+01   3.0480900e+01   2.3263100e+01   1.9350300e+01   2.1465300e+01   2.4085200e+01   2.3471400e+01   2.0298000e+01   1.9876100e+01   2.5605900e+01   3.3264700e+01   3.7652600e+01
  3.5094400e+01   2.8907400e+01   2.2010400e+01   1.9095600e+01   2.2178000e+01   2.5258200e+01   2.4744800e+01   2.1295300e+01   1.9981400e+01   2.4815700e+01   3.1982500e+01   3.6131900e+01
  3.3498600e+01   2.7370800e+01   2.0849700e+01   1.9020100e+01   2.3018400e+01   2.6509600e+01   2.6089400e+01   2.2403600e+01   2.0257000e+01   2.4140500e+01   3.0756600e+01   3.4642700e+01
  3.1931600e+01   2.5877900e+01   1.9797300e+01   1.9126000e+01   2.3973100e+01   2.7828700e+01   2.7494400e+01   2.3607200e+01   2.0696000e+01   2.3590500e+01   2.9594200e+01   3.3189700e+01
  3.0397900e+01   2.4436800e+01   1.8871400e+01   1.9410200e+01   2.5028900e+01   2.9206400e+01   2.8951100e+01   2.4892200e+01   2.1288200e+01   2.3174300e+01   2.8503000e+01   3.1777700e+01
  2.8902600e+01   2.3057100e+01   1.8091300e+01   1.9865100e+01   2.6173600e+01   3.0634800e+01   3.0452200e+01   2.6246800e+01   2.2021400e+01   2.2899500e+01   2.7491600e+01   3.0412400e+01
  2.7452300e+01   2.1750600e+01   1.7476700e+01   2.0479200e+01   2.7396000e+01   3.2106900e+01   3.1991200e+01   2.7660600e+01   2.2881900e+01   2.2771100e+01   2.6569200e+01   2.9100700e+01
  2.6054500e+01   2.0531300e+01   1.7045500e+01   2.1238900e+01   2.8686100e+01   3.3617000e+01   3.3562800e+01   2.9124900e+01   2.3855900e+01   2.2791600e+01   2.5745500e+01   2.7850000e+01
  2.4718000e+01   1.9415600e+01   1.6811700e+01   2.2129000e+01   3.0035200e+01   3.5160300e+01   3.5162900e+01   3.0632600e+01   2.4930200e+01   2.2960600e+01   2.5030100e+01   2.6669000e+01
  2.3453600e+01   1.8422600e+01   1.6783800e+01   2.3134500e+01   3.1435500e+01   3.6732300e+01   3.6787400e+01   3.2177400e+01   2.6092200e+01   2.3274800e+01   2.4432600e+01   2.5567400e+01
  2.2273300e+01   1.7572800e+01   1.6962600e+01   2.4241100e+01   3.2880600e+01   3.8329600e+01   3.8433400e+01   3.3754200e+01   2.7330800e+01   2.3728600e+01   2.3962000e+01   2.4556100e+01
  2.1191500e+01   1.6888100e+01   1.7341800e+01   2.5435300e+01   3.4364700e+01   3.9949000e+01   4.0098000e+01   3.5358700e+01   2.8636000e+01   2.4313900e+01   2.3625800e+01   2.3646500e+01
  2.0223800e+01   1.6389100e+01   1.7908600e+01   2.6705600e+01   3.5882900e+01   4.1587900e+01   4.1779000e+01   3.6987200e+01   2.9999000e+01   2.5021700e+01   2.3429800e+01   2.2851000e+01
  1.9387500e+01   1.6093200e+01   1.8646000e+01   2.8041500e+01   3.7431000e+01   4.3244100e+01   4.3474500e+01   3.8636700e+01   3.1412300e+01   2.5841800e+01   2.3377500e+01   2.2181700e+01
  1.8700100e+01   1.6011600e+01   1.9534500e+01   2.9434000e+01   3.9005400e+01   4.4915500e+01   4.5182800e+01   4.0304400e+01   3.2869300e+01   2.6763800e+01   2.3469900e+01   2.1650500e+01
  1.8178700e+01   1.6147600e+01   2.0554600e+01   3.0875400e+01   4.0602900e+01   4.6600400e+01   4.6902300e+01   4.1988300e+01   3.4364300e+01   2.7777500e+01   2.3705400e+01   2.1267800e+01
  1.7837800e+01   1.6495700e+01   2.1687800e+01   3.2359300e+01   4.2220900e+01   4.8297500e+01   4.8632000e+01   4.3686400e+01   3.5892800e+01   2.8873300e+01   2.4079600e+01   2.1041500e+01
  1.7687800e+01   1.7043000e+01   2.2917200e+01   3.3879800e+01   4.3857100e+01   5.0005300e+01   5.0370600e+01   4.5396900e+01   3.7450400e+01   3.0042100e+01   2.4586300e+01   2.0976800e+01
  1.7733600e+01   1.7771100e+01   2.4228100e+01   3.5432200e+01   4.5509300e+01   5.1722600e+01   5.2117200e+01   4.7118500e+01   3.9033500e+01   3.1275600e+01   2.5217500e+01   2.1075300e+01
  1.7973700e+01   1.8658800e+01   2.5608000e+01   3.7012600e+01   4.7175900e+01   5.3448700e+01   5.3871000e+01   4.8850100e+01   4.0639300e+01   3.2566600e+01   2.5964000e+01   2.1334600e+01
  1.9001300e+01   2.0827800e+01   2.8534200e+01   4.0243600e+01   5.0546200e+01   5.6923200e+01   5.7397100e+01   5.2338700e+01   4.3908300e+01   3.5294900e+01   2.7764200e+01   2.2309700e+01